11034
13039
7853
14363
8750
12646
11121
8880
9321
9507
11152
19956
13244
10571
10593
9628
9678
10179
9434
10392
18868
9965
9759
10068
10219
9915
9772
10862
9724
10180
6314
6259
6985
6761
7710
6576
8666
7774
9161
7744
4145
3825
5093
3955
4548
4107
4775
3691
6129
3881
4391
3670
5346
4471
5468
3746
3811
3651
4224
3605
3987
5728
3434
5994
4150
8242
8287
9052
9486
9036
9940
8340
9841
9437
9739
8845
6752
7891
9964
4166
4807
2896
10305
4559
4248
4121
5532
3572
3465
11367
3817
5099
3426
4398
3622
10724
3403
8520
9697
15962
9313
8524
12042
7648
8864
9467
9814
8177
8380
6801
8287
17228
7959
7629
5924
11086
7398
11015
6369
6323
5638
5611
8473
7656
9370
5047
6097
19810
17029
9058
5165
8335
8426
6318
6082
7679
7536
7578
13833
8069
12144
4745
13051
7020
11643
6787
6400
9479
6962
5502
9180
6658
5034
18578
4837
7755
7867
5375
19907
8089
7418
5438
13665
6507
21862
10858
15203
40609
6959
7653
6053
7849
8721
4929
5746
4615
10887
5574
5746
6912
10072
5086
4928
9851
6823
9286
6541
5950
4920
4360
10875
5002
8339
9249
4785
11954
7331
6431
14288
4716
16563
7308
2895
3241
2982
3948
12188
3411
5241
2578
2786
2929
4527
3147
3448
3450
2765
3512
3160
3666
3045
2992
2630
2792
4285
3331
3456
2842
2647
2727
3541
5041
3625
4387
5488
2862
4037
3067
4220
7495
3976
4295
3030
2960
8885
3294
3360
2953
3494
2954
6469
3624
3425
3087
5143
3133
3194
3324
4431
2966
4369
4437
3033
4041
3059
3793
4100
9042
2908
3518
2964
2474
5847
3657
3646
3923
2984
2992
3529
3266
3636
3918
2770
4055
2735
2544
3762
3530
3254
10451
3397
3822
4146
3009
2366
5193
17422
3680
2687
13500
3859
4298
2622
2256
4149
4813
3622
3348
3908
6412
3252
2369
3330
4893
2679
3609
3114
3587
52736
2487
3974
3229
3101
3680
4477
3492
3044
3378
3822
4598
3803
3254
26332
4000
3776
3280
14117
3919
3801
3136
3816
3282
5086
3583
3008
9018
3673
3201
3056
3006
3770
4631
3257
3409
3478
3762
3353
3677
3049
3907
4899
3092
3898
3369
3738
3452
4349
3358
3785
3388
3576
4256
3589
3441
3688
3433
4033
4052
7419
2821
3001
3356
5118
3458
4083
4423
2938
3932
3798
3565
3775
16632
4007
7033
19293
3266
3591
3700
3231
3690
4077
3965
4723
4527
4549
3051
3139
4669
3576
3815
3296
3745
6078
4533
3333
3797
3242
5883
2988
5596
3959
3331
3284
3588
3266
3576
3318
3979
5398
4046
3902
4141
3735
5961
3356
3389
4036
3346
3083
8448
3672
4285
3525
3479
4060
3092
4749
3785
3565
3784
3921
3128
3673
3897
11753
3563
3294
3282
4507
3422
3145
3579
3145
3429
4389
3539
3472
3714
3652
3207
2984
4074
4370
3227
3342
3745
5365
5244
17282
3298
3601
4623
3279
4483
3842
4085
3148
3923
4027
4866
3580
3484
4170
3436
3407
4924
4017
3522
3338
4153
3984
3954
3695
4812
4392
4085
3584
3734
3624
3814
3111
4516
4244
3426
3991
3955
3855
5028
4990
4560
3607
4106
3715
5531
4167
3396
3775
8292
3232
4188
5126
4245
3501
4020
4619
6846
7140
4333
3591
6054
3209
3489
4711
3626
4837
3717
3746
3702
3653
3648
6372
9746
4274
4342
5008
3786
4220
3931
5090
3848
3516
3138
4201
4933
6646
4538
3389
6695
4608
5167
3669
4367
3872
3620
4891
3088
3320
3590
3428
9385
3667
5618
4364
5445
4397
5072
4564
3984
5933
4398
4501
5053
5098
6912
4430
5069
5204
5023
4145
9991
6296
8716
5223
4587
4921
5784
4276
3993
5881
3797
12755
4798
4519
5013
4955
31097
6748
14642
17364
5234
5687
6450
4905
4616
4325
5624
4391
4472
5481
7443
4895
4807
4908
4692
4606
6757
4282
4854
4955
4906
5193
4717
4512
4566
4927
5050
3996
5452
5021
5004
4556
5465
4293
6451
5477
4519
5382
4277
4629
8487
5586
5226
4825
14737
5306
4117
5031
4871
5154
4868
4808
4557
5054
4569
4724
10289
4911
10968
7351
4631
4755
5103
4245
7442
4948
4918
4046
4559
4316
4087
7263
4771
4902
4841
5404
4657
5593
6806
5108
4535
4776
6240
5197
4978
6742
4891
4310
4646
5594
6476
4245
4660
4127
4668
5832
13274
5162
5106
4818
4084
5147
5215
4093
4145
5373
4959
4239
4896
4730
4304
4448
4133
16548
4824
4481
4537
5914
4424
7312
4626
13212
6228
4773
4238
4094
4800
5762
5723
4870
5346
4702
4603
7313
4844
5175
4867
6241
5006
4961
4320
5274
4869
4602
4248
4465
4755
4404
4323
5764
5467
4607
4960
4200
5059
5630
4326
3898
4916
5280
5168
4925
4906
4027
4964
5108
5120
4145
4298
4887
5198
4371
4412
4539
3728
4750
15258
7922
4722
4573
5014
4276
4443
3970
4405
4559
4367
4865
4363
4799
5665
7597
6083
5128
4705
5689
5728
5010
4074
5795
5214
4347
5076
6752
4409
6340
4574
4649
5695
5078
4892
4822
4966
5025
6421
4115
3888
4338
5204
4913
4347
6363
4561
4881
4800
5500
5378
4878
4921
5049
5853
4338
4636
4049
5709
3776
4308
4209
6228
5276
4140
5326
4713
4296
4843
5380
3816
5369
4931
7839
5241
6764
5351
6562
5143
5225
4013
4550
4466
5180
5587
5712
4464
6584
4123
4891
4708
4210
5358
4640
4309
5804
3894
4913
6270
4621
4342
5031
18849
5057
4084
4002
4606
3774
4718
6111
4357
9078
5506
5608
3911
6492
3895
4935
3959
4733
3775
4272
4732
7087
5218
3929
9197
4878
4389
4474
7486
4513
4710
4355
5101
4033
3960
5955
3710
6758
8512
4034
4393
5106
4335
5006
4448
9777
3859
4987
4030
4316
4679
3951
3607
3742
4296
3439
3602
4557
5806
4023
4353
4380
3610
4682
6118
6030
4905
4941
6595
4416
3807
4913
5257
4028
5299
5285
6159
4113
4665
3994
3568
6617
3364
5685
4109
7525
4664
3520
3355
4469
15665
5054
4167
3421
5470
5930
4480
5799
4602
3758
4694
4627
4785
3684
5283
8050
4712
4300
4133
3495
3631
3668
6391
6237
3464
6164
6137
3150
6656
5703
4784
4264
8707
6775
18131
4177
3159
3843
4938
3279
6705
6201
7857
6711
6423
6642
10152
5263
7278
6196
6016
17158
5414
6050
4698
7580
5564
5525
8124
6817
10422
6429
5536
8639
8171
8001
5391
13055
7985
5307
7464
6429
6347
10623
5936
7775
66884
6233
5772
7789
7494
6344
5133
7517
17098
6075
6414
7399
4152
3564
5692
5882
3150
6187
5203
3787
3780
9579
4701
2754
3428
3331
3468
4868
3672
4435
6607
4790
3773
3717
5811
3348
3740
3743
3050
3370
7696
3919
5621
4199
3561
3173
3736
3575
4233
2693
3591
3838
3562
4076
3144
3758
6138
3470
8464
10640
3317
3849
3964
3950
6861
4064
3960
4433
3563
5063
5705
4475
4203
4436
3904
3401
4451
4053
4767
8089
4904
3888
4339
4521
4393
3046
5118
3627
5636
4155
4301
5129
3738
3137
3728
3626
4129
3898
3782
3421
3810
3847
3662
4520
7215
5104
25243
3728
5774
6185
5640
4259
5031
5420
9331
4610
4374
19700
3618
16210
5003
10604
4731
4391
4715
4798
8383
3431
3608
5027
3209
8899
5817
3411
3964
3876
4690
3407
3440
7249
4009
4356
3640
4033
3062
4428
3048
5291
3667
3210
3854
3592
3464
4259
5179
3159
3705
4255
6769
3273
3506
3435
3862
3721
4646
3920
4371
4513
3815
3491
4275
3345
3334
4038
3005
3677
3839
5197
4085
3123
4085
3302
4680
4141
5490
6004
4560
3635
3721
4309
4775
3919
4827
3721
4510
3683
3844
6771
6281
3752
4258
4348
5839
6302
4481
3780
4436
7020
4718
3552
3889
4213
4582
3467
4168
4263
4615
3901
6196
5501
4979
4696
3907
3127
6415
5222
4170
4219
3998
4940
7320
8734
4527
5368
7324
4345
9498
8024
5719
4755
4882
39282
5313
10391
6863
10579
7137
5441
7916
7248
6523
4873
10085
6197
4805
6970
8018
8006
12627
14345
6064
9533
4980
159816
17623
14733
18325
6548
4779
7106
12435
4878
8547
8197
5032
6898
4761
5292
8852
8178
4305
5418
4796
8830
8169
8128
11951
14711
4806
6806
6204
15313
3513
4978
7183
4228
14077
7273
6184
4358
17215
8677
11143
16888
14521
7750
7651
9453
7983
10663
5182
29914
12027
7852
18401
5045
8914
5158
13482
5217
10952
5276
4694
5769
10977
6032
9871
8275
7263
11384
11855
17682
8316
9273
5883
9134
11317
5967
4249
5163
4682
7944
5675
8977
5379
3504
6943
8562
4188
8277
4520
25837
4707
10269
8859
21262
5263
30901
11186
10302
4250
7249
4936
6203
9289
4644
8676
12971
5005
6794
6260
4881
9060
6709
10493
5463
5508
4880
6375
29010
7778
5500
6841
5229
4766
6993
5923
5206
4292
9091
4692
7430
5317
5836
9435
5461
5998
11891
6018
8815
4659
10659
14516
6621
6335
4858
8408
7441
12992
7020
14534
6558
5796
11679
4804
5961
5842
66280
7880
3391
4511
5311
5634
4525
57557
4390
3846
6905
5751
5536
5315
5807
7419
4044
7966
13637
10927
7590
4342
5185
14397
7740
8307
28431
9885
9016
6849
11088
8519
4621
6535
4733
4066
8800
8457
3755
9406
26680
5136
7958
4353
50719
10555
5789
10103
8011
3816
6417
10903
15083
5026
5904
5732
4212
16629
5270
9334
19017
21046
5385
14271
4088
4404
6760
5205
13386
4580
7671
13294
6949
6648
3735
3737
5582
13653
6935
4386
12681
6686
4152
3874
6021
4999
6159
9212
4457
4195
10543
6491
7401
8604
10829
8569
5369
6981
12235
7127
4835
8694
7482
3517
7538
4567
7379
5073
10186
4994
3638
10539
6094
5125
8382
5431
7873
12395
10483
3977
5417
28832
6763
9669
5178
10086
15290
5825
5773
4372
4449
8837
7934
6420
7807
14100
5099
13530
4542
11423
3647
4127
11278
13950
16146
5495
5237
5153
6551
8794
12817
4065
6330
5859
6612
4007
4625
6480
8963
8025
7437
8470
6143
4598
4543
4905
5039
8042
4309
7615
5864
3639
11317
15979
5962
13755
11515
6527
4328
7583
5107
5034
4911
5869
5894
4709
8913
6697
3972
15483
6667
7611
7582
8480
22574
6744
5828
10033
6227
6386
24347
5828
5630
4453
7810
27851
4586
6312
6095
34696
6733
29527
4929
4996
5402
4868
11354
7365
11802
13899
4213
6476
4910
12087
7243
9742
8206
5436
6472
9851
6025
3614
13979
9441
4966
8293
6563
4425
6173
36211
23205
6593
4024
4677
6109
6694
4866
7788
6152
5499
5115
5846
5964
5624
3835
22317
10313
9585
4424
4843
5682
7262
6446
8357
5826
5694
9720
7102
6648
7213
8620
6031
7718
6379
4727
4160
6766
10589
7627
5457
7015
7055
14665
5939
8889
5027
5647
11456
5555
7969
3250
8424
5493
5199
4619
5476
5708
12835
6123
5647
5133
5105
6664
6142
10532
7984
5349
12583
11404
13560
5344
6881
28891
7467
7764
6927
9587
11084
6120
3697
5218
6574
6329
5948
8624
5606
5390
5336
4864
4382
12864
8757
4088
7545
6052
9847
5445
5027
5397
6151
5739
60872
12053
5137
6054
12396
9340
5035
6532
4854
7682
10166
4056
4973
6329
8068
9611
5316
10780
4509
14237
4148
5841
7127
20213
5288
7088
5429
4179
7649
6282
4864
20434
6079
9743
7539
6494
14429
8196
8908
22930
15125
9151
10697
13842
13410
13106
7091
8452
298791
10069
12437
10080
11816
10870
9181
25490
11279
45252
25534
9263
15265
10355
9725
12741
11655
10364
17856
9614
10097
10182
13178
10070
29480
25173
13852
8689
8651
17166
25657
12608
9431
19639
14386
92997
23834
6478
10415
9863
10882
12371
61856
14204
15412
15885
6708
51381
8277
11901
23270
13124
15615
4533
13803
9707
6767
39442
10651
8944
20109
12687
9546
75186
37256
16782
10504
13006
10985
22999
9899
15770
13133
9466
14568
17384
6559
19222
22667
12089
17251
18252
13496
18251
25126
37399
13018
17611
7683
19628
26999
14813
23745
17107
9893
10855
14644
10081
12408
13121
13761
12223
17965
32254
13784
5837
14927
12289
11144
21540
14115
11502
9113
14437
16374
13622
13526
11935
10072
13281
19077
9091
16159
10010
19778
9328
13509
14206
12168
10711
19838
15630
13555
9682
8239
12528
21484
16801
33356
11612
5512
14761
19032
10152
8476
16545
14472
24540
13051
7043
10114
21839
7523
7157
16023
43550
14399
8769
21093
6835
15548
17107
11219
8279
11661
10450
13381
68689
7851
8609
16286
15699
14610
15350
7875
20845
36000
10913
9679
31964
26142
8315
10032
11820
13702
29548
17540
18812
14079
14685
9732
16513
10478
20667
29807
6956
15977
17278
15397
11497
22770
10748
24703
19972
10937
7637
19002
8938
8108
42797
11560
33217
9447
12886
20905
9788
8936
19915
7037
10875
23870
15268
12091
16877
26241
10523
10433
18023
42051
17819
9013
12025
13001
10266
11234
6439
12817
33925
14965
15824
35400
12456
9658
42384
14818
10170
5366
20007
5496
14416
16696
9239
22428
21260
68882
9630
11912
8262
20921
8086
17182
6698
12475
8547
15113
13516
9846
5245
11962
10243
10247
17817
21834
15133
9631
10660
18252
10937
14488
64538
14455
17253
15341
15049
13575
9554
9468
14577
12008
11558
11958
27043
13158
9967
10362
8690
9420
16731
12190
11415
6895
12761
51740
17677
10359
7012
77716
7382
6429
16493
34211
15035
9532
10582
10671
9207
13189
8840
12039
9142
41604
6850
11091
8718
6196
12790
16456
12157
12166
18373
49404
9095
20243
16586
12897
18847
8029
29044
9262
24765
10036
18659
8929
14726
9847
11740
9127
11908
8047
11786
10601
9787
12120
13400
26328
9480
11582
29543
18832
8690
8276
10275
14057
18485
15878
20792
20721
19427
10170
38769
8565
15232
10991
22271
16059
37998
16267
12675
30786
19069
12171
19473
15420
12005
15270
16871
28398
30678
16968
21613
18826
22338
16585
11724
19836
18737
16953
22837
22155
15545
13963
11245
14691
15143
9903
10248
18581
25224
19312
17465
30683
14933
11656
21276
25183
14033
21636
13048
25653
23983
13231
47537
47432
22198
23777
26985
18308
29465
7102
18141
14846
16153
13052
8314
28266
31016
7244
15592
38438
14964
10401
20328
17560
11442
11515
12151
10182
20196
16152
19143
19239
17245
75154
12366
47978
41740
13589
12092
24773
17629
10687
8254
10016
15944
14133
25592
13678
14116
22256
18763
14210
15137
12581
15460
8039
17357
9941
16505
15175
18701
15714
22279
8498
10147
13155
17779
17802
32861
15461
9341
24772
18630
16788
29358
10463
10012
19563
11770
16186
10445
18548
12804
36283
15681
18141
26331
9575
13151
12523
18891
11965
9556
20908
24632
11157
8613
9725
30352
15005
26164
11614
11128
9910
21215
15366
11940
11298
21986
10065
16951
16014
39126
15047
38807
25433
22079
34763
17235
23120
18822
19911
14290
14776
15427
15991
21070
10957
14196
9771
15286
21230
10858
17725
13508
29881
150002
9976
10288
9328
28721
14894
9952
10947
9918
8879
15357
26985
21589
20016
14332
19801
17472
15251
15566
22555
36906
22323
18118
29815
20476
38767
8963
16818
13347
26704
19092
14221
12985
11990
22928
14634
22595
10504
9965
12789
11170
16532
12062
21100
13956
10294
15328
9049
11073
16194
10998
11185
13123
10232
19862
11008
13493
14799
13081
18436
9427
46861
12198
12462
20702
11940
11482
15490
17490
11072
24350
27307
20107
26953
11075
13907
11852
23998
23455
26863
27099
22169
20967
19934
28404
13764
13199
7139
10277
9512
10719
16262
18107
15077
19544
14313
5871
15162
22107
16817
31262
13035
10098
14374
14956
14979
17082
10869
20688
9429
234386
10140
36100
7726
5545
12944
10602
18605
8416
6979
17389
8304
9177
17514
12837
13719
8480
7616
7896
8579
26584
22956
12305
10897
14226
17195
9376
11548
16345
47778
13452
19672
8815
10924
7732
14823
11254
16611
22336
8414
7149
10181
8020
20722
10292
8328
26475
28686
11822
10394
7599
25578
9955
8621
26544
6675
10038
8520
7413
7996
6913
15405
11479
8440
11400
10880
17929
8280
6759
18973
14264
7380
14335
7920
13278
69257
6332
9594
10079
13328
11237
14665
14938
10022
17497
9181
16937
20995
12350
8718
14284
10439
164730
8977
9743
10295
11299
15236
18552
22463
8503
6094
9641
22408
11996
9257
13775
10116
11269
11786
11013
18767
9321
5483
11279
11534
59171
27144
21258
8259
8677
10301
32786
8283
7999
6664
19666
7921
35649
133199
7451
12202
31056
14270
16342
10910
5753
8314
56742
10103
14047
9369
9310
7167
6675
7374
6956
10894
15634
7822
6171
7793
7997
9155
6673
14633
13685
8004
9524
8508
8562
13453
16056
8240
12072
23864
8561
6949
13575
12973
16347
14108
13066
5513
9689
13593
11661
8683
10723
6082
16244
36423
8347
8531
9964
10652
8649
11620
9013
10384
16188
6954
7658
9652
8973
15937
17567
13576
8185
10246
10738
31084
95817
9485
9461
12914
12187
36785
9554
15531
20814
12126
13341
13108
17322
24865
10513
9904
11132
8540
9877
7195
20508
9486
9590
11744
14627
10164
9250
6831
7169
9659
5185
13023
7478
12336
60180
10133
7698
16712
9062
14240
15115
17894
