10731
15104
15095
13037
10380
10848
15320
15914
8750
12585
16024
21319
10556
12390
18995
14868
9686
9529
9354
10383
13393
11542
10838
9358
6916
8895
12319
9829
9586
6206
15265
6963
6417
7321
5788
4856
3642
4312
5083
4543
5047
4405
7846
26331
5217
4949
4222
4931
3138
7523
9784
10004
4504
4996
5465
7604
27833
5349
5239
4182
4996
5666
11597
7526
3410
4359
3465
4535
4422
5703
6598
18023
9914
8798
4139
8223
4606
7217
6864
17136
8021
3850
8692
5443
3292
8012
3548
3305
4587
22316
13506
6731
11243
5696
4500
5819
10173
3914
8875
3839
3929
79324
9453
4482
10046
3913
3698
6568
4843
6357
3248
7652
3850
6076
6310
3608
15205
4831
5611
3570
3817
4086
7547
3370
9308
4708
7098
5122
10202
7750
6273
14815
3958
3775
6764
9410
2793
4817
5702
7109
4107
4884
4599
11695
5601
7373
5393
25976
11828
5616
4815
14595
97343
7055
7023
4662
4287
5076
3870
4835
3397
9965
7108
3737
4722
3816
4171
4128
6165
7287
6622
5875
7835
3960
4913
5066
5423
6350
6506
4137
6566
4295
4442
3777
5324
4246
5944
3484
6131
10352
26425
12579
4920
3761
4190
6881
12330
8713
13832
12599
10626
12652
8258
6257
5872
13159
6173
8025
14499
6175
7127
9182
6241
5957
10185
12082
6507
8911
24454
11965
16080
8401
7664
16664
10488
22260
8659
7745
7829
7368
6068
5654
6650
8174
12830
19281
8108
5835
11194
19310
8299
10783
7693
17972
6216
10098
20045
9730
2843
2741
3151
3419
3259
2582
3339
3301
3932
6073
11127
2611
17224
3746
3577
4368
4007
4342
4037
3370
3061
3756
3070
4636
6017
6605
4518
5030
3939
3977
3460
3349
3412
12417
4194
5068
2628
2565
3690
11861
4606
5466
5177
3595
3811
4539
3858
3439
7642
2945
3183
2868
2981
3609
6967
2805
3584
5723
4613
6245
4032
3316
7308
4025
2900
8581
4851
5598
3155
3214
2480
2292
5094
2990
4701
4861
2659
4673
4621
17997
4076
12602
3499
3486
6288
4425
3600
4446
2943
3251
3729
3545
3807
4667
3362
4114
3975
3584
3020
4545
3476
3239
4017
3129
4589
5877
4469
6364
3051
2934
4219
9533
3586
3718
3784
3974
4842
3439
4481
3551
3228
3595
14366
4100
4565
3668
2974
3366
6285
3581
3236
6638
3771
3729
9301
4219
5220
3766
11939
3515
3507
4622
3746
3771
4212
3229
3647
13049
4864
21220
4999
4281
5696
3187
6138
10576
8343
3887
5962
3848
8392
4072
4412
3986
5902
6649
3402
5462
6270
4584
4892
3797
7220
8754
3796
5001
3658
5210
8113
4121
30492
3962
4198
15119
3513
4337
9089
20787
4981
4614
9163
4969
4726
3834
3782
5581
12298
6074
5578
7268
4040
3788
5654
8608
8987
4138
21453
7262
3429
4233
4293
6592
4803
4534
3534
3412
5402
8189
7069
7993
6087
3777
6107
5651
4165
4272
3591
7150
6341
5936
8231
3752
3688
4161
5293
5361
11786
13564
6194
6855
5130
6304
4014
8320
19575
9992
27235
19926
9026
11181
8576
7588
6974
8912
13805
6570
56464
5813
5972
6476
5415
15206
21540
5311
4881
17078
16072
7080
6957
6624
38453
5329
4855
8324
7029
15735
10301
4753
5299
6266
11802
12565
6278
4882
7108
4569
4566
5189
5457
4728
8080
4721
4993
27006
9332
5007
12959
5008
6227
14977
5956
5025
7360
8744
5413
6006
14988
5322
4111
6430
7206
4626
4253
4497
4427
6095
8252
10767
5192
6295
5449
4314
6335
10345
6519
5192
5685
5448
4812
8348
4554
9036
5469
5103
4292
5358
3953
5681
3734
5982
6465
4314
5065
4933
11209
3851
6494
4103
5480
4691
5848
3970
4304
23892
6773
3518
5653
4015
9506
10851
5634
4776
5019
6787
7855
4463
21807
3744
8479
4119
9283
4152
11918
7157
5802
12198
67101
4693
4818
6060
19592
11767
4202
9950
7982
5244
6327
5348
4789
6039
7667
9266
5515
4709
8133
4437
6048
7171
5635
28701
11678
6724
6209
21712
5984
8364
8473
15164
8305
7233
6544
4745
5927
5135
4385
5107
5380
9426
5975
8902
6816
4291
4275
7704
4789
4181
8757
7917
4411
4048
4093
6972
11199
4682
8917
6552
8954
7669
4888
4826
4658
13496
7148
5265
4400
7523
6480
12451
4202
6838
5141
3624
13264
6959
19826
3567
5427
5535
3812
6306
3986
6666
9702
3747
7148
5478
8806
3514
8175
16346
6486
5624
5335
6002
7010
4520
16821
6719
11930
7205
69244
8028
41188
40628
17191
7801
10008
5982
17209
29269
8241
7957
26480
9220
6456
12292
4874
5836
12335
9036
7319
7514
5915
3931
12898
8418
5342
5994
3309
6389
18044
4342
4424
4874
3694
3543
4757
5644
13982
13673
6119
7567
4218
4577
6029
3411
11565
7911
7728
5311
6133
90938
6012
51222
5906
3825
5790
5159
26385
3416
3961
4194
5518
12259
3449
4705
5723
8127
4359
4742
4666
5833
26499
4294
5240
18286
8659
4667
33239
11440
9308
16543
7539
13689
12896
28893
6406
4869
4404
6915
5922
4602
11501
5248
10700
6420
6789
7938
3880
13935
7271
5982
5055
4736
8137
5913
11942
6105
4066
7754
9535
7758
5250
6268
6145
28436
14969
6363
4555
3758
4659
6683
4614
8401
5038
8264
9090
5990
6108
4877
4193
22349
5254
6662
31568
3385
19984
4574
4616
5937
4952
15264
7472
4571
3520
4674
17244
35088
3966
5486
5280
5662
5315
3927
7109
2696
4343
4187
3692
5403
19591
3397
3456
4040
4223
4855
28403
4275
9318
9249
4554
4145
5524
4872
12014
4347
3777
17427
5247
5939
15229
6579
4086
5457
5085
3676
4047
7590
11970
8143
34632
5101
160494
6800
11561
6351
5526
3943
4143
6870
27572
20598
5665
9408
3631
4644
3374
4459
4031
6665
4381
9613
8656
4543
3442
11446
9970
7234
10184
7635
16452
17422
6822
10994
12966
5601
9407
5422
19565
27467
17484
8828
7660
10759
32363
12498
13486
11501
24923
52311
61939
5485
11108
8440
13815
6546
9445
9392
7943
5105
39255
7208
14798
10040
9642
7781
6884
16826
17790
10510
9856
14715
10187
6812
10231
7356
8783
7359
8411
7018
12970
4510
17040
9010
10069
12652
12088
10911
10911
14553
61507
9148
8386
11498
5774
12468
8702
8613
4143
97786
39602
18054
9697
7186
31743
8688
6859
5265
17388
8864
7298
19129
8094
4888
8266
7197
10787
12819
8324
16039
8166
12375
5519
6880
5410
7879
4792
60621
65984
8101
4777
5681
13207
5355
7835
13513
9834
5998
6055
14503
6726
13104
10056
20261
20898
36160
8848
14706
51231
8800
31444
8976
37765
41319
9243
21988
7023
7026
7157
15114
9489
98177
34628
19409
17385
44397
5751
13487
7337
5189
8764
23873
5218
4517
23104
13633
7334
36301
19141
17102
18710
9186
16209
11291
19885
13895
15428
5203
13932
10552
7614
8520
68111
5619
14502
20437
5659
4469
9291
9607
6519
16233
10530
13381
11205
12077
6776
10974
12878
8855
15593
66319
48189
11293
13708
3667
11008
58073
12620
52883
20237
20087
18719
13158
12826
13249
14384
15535
5725
13917
19336
13704
10198
21568
9921
15043
9391
24539
12059
13626
5613
4543
23916
20972
9993
4263
6383
7237
17920
5850
17921
6659
3979
8492
6592
23442
4923
30534
6423
10749
23784
7638
9114
10979
12365
5290
10128
7457
8453
24779
17357
10054
3929
11136
11751
4625
7790
19179
9786
199514
14369
10866
4045
12147
4934
9049
15047
93740
18050
12456
4887
16317
11625
8198
15306
4531
8848
15570
11397
5793
27190
12146
6568
8561
10879
25108
12999
7104
20728
34732
12311
11686
20012
24661
31569
17142
16916
4470
26268
15422
17251
14923
11038
16551
7840
8648
10900
6916
185607
51944
11945
11884
10281
9135
16847
14935
13307
16839
11471
9871
7193
11228
8402
11042
22192
9249
12182
7522
7347
8007
43417
7822
17271
8041
7338
23186
6636
21848
13553
9708
11387
7892
12075
6287
9736
13065
14603
10152
8858
15181
11499
10393
7698
11630
31877
12534
12522
15825
13040
19133
65091
37404
12334
67881
14407
15532
19454
9434
15914
11886
49946
16664
83453
36458
58566
8468
27025
12049
9361
11141
42595
11217
14980
51818
7264
65845
10398
48811
14690
8627
14597
9255
10857
25831
16048
12755
9573
13929
21536
10831
24471
9053
39725
312221
21107
14735
187271
48229
21019
11860
34144
84702
32920
14397
11517
10441
10328
186155
10918
10558
15143
19731
10755
10557
11079
17684
23686
14224
14259
37429
18910
17072
12792
13538
23625
50280
16357
10064
34343
13307
37445
22893
25709
24366
16433
14156
16803
22751
11552
11414
9086
26228
27012
6274
12929
26578
17517
29300
14924
11699
8169
19884
25842
4900
22307
8817
124737
22985
20426
23857
19281
23080
13321
16411
11194
12081
32492
14988
23654
22129
51388
18818
23399
21624
33909
32597
10200
23076
11390
85175
29445
13090
35333
16049
14259
35186
15585
24492
10954
8374
22794
15948
8110
10045
15198
18193
21659
29409
29717
13526
58203
14608
33808
19810
16071
18814
79682
5131
27717
7376
16240
16178
12429
13151
27054
18222
10040
18044
19663
10606
16528
15652
12676
13609
15863
5718
12263
16487
27650
10540
14316
14696
19220
42976
26119
17436
15289
29183
33829
45590
19932
14156
16210
11034
7819
18124
11142
9342
13237
12985
37906
11698
11189
12833
9992
5820
15531
17824
13388
25987
28147
5069
21230
7401
10012
10171
33461
30050
51401
16258
22851
31626
15988
92597
15918
38015
18896
13823
20843
19440
19409
62540
10435
22116
10937
17804
25613
27644
32532
16433
162231
13444
10428
12941
27114
13793
23619
21003
10705
27484
22343
25224
24069
16769
11968
10599
18160
16436
24248
26172
32024
9412
21537
39303
25457
27936
12896
31173
15774
12478
23816
43894
26299
65269
19325
17384
17858
11361
16729
12241
15344
28257
22688
172141
31623
7276
12688
18197
14929
15130
13879
10864
11621
8951
26225
10203
34263
12511
9435
22836
17805
21794
8538
19055
36995
16498
17636
22736
12565
10140
15426
21979
11396
39547
21658
19567
16570
27863
15957
30211
12052
30271
25895
8722
44531
10631
8156
16440
31230
22784
19292
23660
9742
21785
18510
41659
18813
16552
42280
17306
23619
11074
28438
17997
20541
8247
7535
32273
55616
81601
30665
20989
20331
22830
23923
41189
15251
8309
18882
10557
40064
12868
18478
11638
10109
10815
14439
33995
19026
14306
11893
33636
39298
24966
22366
11813
17548
16552
9210
14260
11373
21442
44667
13818
34862
9980
19567
15843
15018
11368
19263
13654
36813
21892
6486
11358
21211
17149
72604
10337
18762
17946
10429
10683
10535
6847
8684
7667
10133
11526
11134
8751
15350
12960
18565
14171
14858
15155
14476
25167
23074
10954
17754
75448
14906
16176
16861
12282
14076
33415
10274
7447
11832
16072
10696
13117
9820
21056
16044
15016
7589
10038
9460
20756
10999
13716
22044
12875
33221
8851
7829
14012
18265
13287
12259
10666
17162
17320
15132
15588
8451
19503
8187
8518
14980
47377
34661
13789
18580
16595
13404
8566
8479
24313
12981
17332
13008
10781
11081
16403
10201
11489
10170
18072
16051
11599
12613
14576
13891
21708
9464
14900
33272
8550
28718
7440
10196
18858
39477
12119
17180
15155
9675
20955
10722
18268
12289
8646
12527
11236
9303
22459
13059
12449
9524
10200
13955
24389
16462
9096
17094
7582
13480
9108
9100
12759
12776
15221
12435
13597
12155
14974
7439
10633
15171
10999
11527
24107
10842
20836
17605
10058
12319
8627
10145
27104
11557
14475
13952
9136
9729
15020
10661
13900
15204
8579
15516
11306
13677
13918
13848
25792
21574
17713
12461
10137
10618
8786
15292
9661
14387
18720
19190
13725
10064
16807
6304
9526
14875
9104
15165
10611
23076
21362
17770
8467
9430
19692
18334
12033
16724
15917
10286
41696
11025
21017
7360
14808
17031
7288
8590
23956
16608
26965
11646
7697
8166
15877
11491
8536
15682
17936
16913
18241
11346
17397
9671
9152
11502
8898
14002
12128
17265
10283
14404
11196
10426
7687
12877
7320
8698
18638
13197
6861
10445
14637
13643
6488
11908
17588
7173
27842
9880
14073
28965
11685
13503
13714
21747
24520
18733
9800
14576
21283
11545
37028
32729
11204
9823
24389
15154
6771
10774
15543
10912
11184
21491
9387
24891
14576
12420
10755
9116
14566
16217
11789
13121
10375
18652
10646
37044
20219
30818
8629
16517
10085
11816
10837
19302
15658
11639
17771
11592
9095
26679
7991
16942
9979
8742
26401
18576
21272
18489
6816
20772
12365
9843
14323
13359
11273
17636
12672
11105
14157
6365
11991
10309
8598
15793
11610
11870
9458
14435
9511
27550
18839
7493
16544
10894
10460
15985
12571
24049
8470
10181
10125
65422
10435
13761
21139
13222
16872
11068
10502
16227
7589
8763
198163
13697
22739
23374
17893
12294
11467
12412
11998
15643
9537
11951
25821
11501
10605
19307
20151
14862
20429
13476
8471
10580
18151
14595
15520
14569
13712
11613
9489
10051
15011
12400
13043
11468
10975
13526
20649
7008
13734
26092
17774
17211
26377
20098
13886
15999
17121
15260
8780
12813
40312
24093
16982
21464
16165
12606
14091
17366
14691
17411
14954
25303
11502
9483
12961
16315
16479
13149
17190
32045
19790
12733
30030
16512
22961
16672
31469
14433
31719
21693
16861
9340
15658
17053
14571
39813
12201
18614
31197
22524
12942
8392
18933
25083
22565
24334
49999
15097
20545
24138
20136
13055
17123
13328
12808
13529
10230
19492
30498
10735
26773
19242
19309
13178
12761
21899
24632
9847
10363
28231
15499
28767
13783
14950
15051
14760
15523
19415
16724
9340
17462
14857
26012
29589
10602
14421
22699
12094
25309
17703
54858
17432
22838
20037
14498
12809
38517
34511
35425
14749
35354
17685
9204
20155
11979
15618
15464
18001
12982
31204
17816
17708
18925
10579
14264
20167
9280
18468
12997
22948
25039
14576
22052
23493
23489
27160
26664
28679
12650
19575
20282
20978
18306
9074
19518
17509
11090
16498
16536
33461
24725
110517
25403
35283
13079
22482
35236
11400
15894
12007
15826
19803
14050
9689
35722
23043
15463
15474
16732
17139
25307
16252
16403
9795
14547
13248
11406
22681
15486
15265
13394
13769
21577
25257
11790
19065
14218
49513
17355
18189
17227
11892
15727
24299
9923
20687
24744
8774
21120
17460
28056
23568
16496
19877
26542
10757
22372
27171
12749
39593
12832
31486
22815
20358
13968
22079
11230
17818
28005
13611
18423
23616
22545
11811
14649
8294
13704
10843
10401
15978
12413
6953
7966
29323
14678
19521
15330
166136
27423
13462
9960
8184
11197
19811
11029
9320
19441
15326
20359
7366
13337
13504
9378
32681
35473
29960
15764
21675
13762
13440
12842
12773
12071
14579
35913
13990
16482
11193
29195
14717
12711
19232
12950
8989
39250
15546
11198
33230
8861
19527
6550
40119
16259
37823
11585
8648
28748
23783
25047
13568
21618
13096
11342
10653
24448
19036
34027
13584
10616
22706
16368
12790
13879
34349
26237
17315
16550
15995
10843
19879
21362
9161
100051
15648
24946
29350
10924
19189
20901
25989
27888
15821
29128
14708
11174
31686
18671
27519
12083
15576
21510
33034
11355
18013
22086
42372
27988
28526
30563
18690
19644
15187
48657
11996
21123
26192
32236
20617
14895
14211
13960
9988
17967
13364
8879
14819
25557
13811
15516
11743
20912
25361
19918
29642
9514
15655
13482
8181
14262
8337
21280
30327
11438
10635
24632
11354
27744
30974
11225
9640
16502
76556
15330
48553
17978
31642
16018
17680
21093
30310
19517
23093
11605
23162
10994
10665
30264
16242
18716
11444
28900
14172
21116
12899
46114
14218
75739
12567
9186
13284
24664
30303
14167
11148
13596
12900
10500
6698
12571
10998
26074
11679
16719
12768
15256
11057
13110
9775
25151
21231
15894
35309
15349
10591
21670
13682
14543
11157
15779
14444
17512
15930
11479
9805
15875
16477
15664
11363
15763
11350
18865
17176
8049
18386
20799
11255
15133
20310
16448
25565
11833
17337
17762
13820
15618
17772
10308
20951
17122
16560
24026
25565
20627
13899
13299
10230
15314
12082
22314
24621
12409
14165
16258
11905
8987
25579
9227
14583
11654
19201
11326
30185
17210
9425
15878
219695
16230
24014
16126
12099
19802
12394
18977
26107
16210
26839
8146
8725
22082
13276
16766
11584
8560
13795
17805
11673
22987
19237
10891
17543
14042
20537
16539
19168
15548
39054
17960
27673
16492
19205
10293
9196
10604
14094
14060
10738
7067
29773
10667
17429
27912
18966
15221
6302
13490
33916
13089
17443
28421
18169
21137
21407
12917
38508
14247
5903
17010
13872
26125
48471
11092
14416
22653
15638
11753
10192
37222
29645
60212
6982
9982
8763
13812
13313
15071
22747
35723
11858
13630
40940
13968
17396
14102
12118
28460
30114
13581
11779
35167
15804
12010
15062
29211
24746
27383
12178
9237
24680
8935
37726
11103
45794
19814
27584
17416
24462
11585
15467
11603
8597
8094
14985
23343
4812
14465
9281
13085
33013
12746
6913
8673
14266
15808
14659
6388
18239
16994
8008
13647
57956
32512
13621
6014
8831
6578
22770
15187
18654
30501
9746
10850
23340
7976
11375
22304
9471
9650
21925
8239
14477
12062
27634
9629
14692
10302
11965
8833
24417
10080
25491
12416
11531
29886
22155
16100
20889
16184
18190
8085
11126
4921
42509
7981
21454
17724
16387
10611
14360
6120
11055
41349
7653
17849
46388
25215
15342
11343
5005
16052
12181
18341
76935
11961
27734
15605
9929
9844
12124
8406
18166
56253
