6309
8802
13700
41646
19845
3316
8886
17144
10237
12669
3581
8304
15873
10513
8561
10354
11869
14090
7498
4810
2322
3523
6018
11649
4893
10644
9361
8218
12538
8474
6531
15246
7989
14200
17203
9172
14334
4612
20153
14806
14080
9657
10193
16289
15149
33391
15500
14921
10909
12727
16328
14074
8040
7289
22807
17364
18278
21389
18153
18133
10688
8445
17056
17019
17731
9330
16286
13778
18384
8114
14814
8926
10448
25587
6778
6750
8147
6792
3434
13630
7324
26476
10478
10064
8115
13660
16296
7868
12411
17722
19422
26673
16891
5265
20644
5047
10254
4409
8005
10773
8964
4634
5772
4267
17030
20426
3783
12435
12445
2387
7595
8380
3169
4213
5882
8786
5030
10643
15965
3446
9275
10446
4467
3768
5188
9770
2148
8139
3754
2305
3690
1335
3280
4669
4182
5009
7218
5273
19110
6363
4589
9476
5340
8502
18428
4960
12064
1639
7104
6029
2439
2231
3525
1605
3731
2622
4352
3158
20692
6717
2085
4386
10686
2286
2457
1035
11542
10389
5052
8607
4506
2920
6696
4548
2795
7661
3685
3768
4183
1714
2570
6259
3868
3326
2894
4568
2523
2471
4615
10490
2910
4283
4384
5071
9148
1739
15053
1945
2562
6598
1574
10978
5957
23952
10211
24596
10765
6431
13923
13957
11425
5304
17816
6527
11946
5473
20339
7949
14823
10540
14770
8442
10632
18348
13369
18505
22008
10300
7988
12517
17622
13593
14428
12551
22673
10634
8120
9180
17780
11644
15108
10635
17485
10205
15895
15983
7337
11922
6140
12105
12543
14264
8526
15397
4020
10736
15407
10954
6923
6510
19142
8045
14066
15123
13796
8118
20434
24331
14213
9424
17805
12467
4885
4600
19125
18505
13122
18766
20104
34613
17576
18079
14498
20087
22731
13807
20274
22016
17358
21506
6062
11537
6370
10729
13896
7294
5484
7063
17802
6983
4688
10226
12163
19966
12315
10823
7496
39109
12025
4428
20870
11987
10253
18010
10924
17007
10431
4610
7796
28007
5607
22850
24548
11258
50160
6749
5114
7349
5151
5051
6670
9094
3046
5781
2442
11067
10516
3852
44850
3234
3778
3284
5319
6015
6299
22632
5304
5393
6193
7961
3852
19074
7977
3343
5668
5406
4696
5592
6803
3922
20035
10956
3876
10212
5522
4825
5039
26044
4525
5572
3811
6035
7433
4484
4541
7831
9981
10765
4704
4182
4870
6677
6587
4264
14499
4667
5076
4368
2482
5230
8619
11122
5475
10393
10268
4401
14868
9326
8218
11099
5719
18008
4637
4383
2960
13822
5100
4757
5377
4517
6422
4853
5281
24711
7816
4456
10485
1253
6770
10349
4068
8464
7327
8039
4560
8214
6498
3260
35646
2630
6651
4059
3366
4993
13745
4147
10265
6106
3757
19783
3666
2410
4192
11713
17693
11897
2559
3085
8565
8403
4238
4263
6429
3794
6096
5513
4920
5149
6008
3653
4313
3069
5575
6301
2825
4754
4445
5608
6157
4648
7337
5141
3700
4423
2561
2976
32347
3559
4116
9619
14185
12078
4528
6235
2755
2621
4913
4336
2987
3076
4280
10489
51171
10773
6851
16360
6984
13927
10500
20689
7657
24573
6026
17320
52521
17063
20020
18348
18567
16746
18745
9951
24538
12853
17077
9094
6853
14851
12991
6216
15052
4626
10228
37777
19342
12928
11335
18393
11335
12014
13725
7321
18626
18894
17867
34416
32239
23809
31096
24707
10220
13693
13078
12800
34258
42707
16706
8069
20703
14102
11485
61846
5986
8869
12005
31320
11308
15764
18691
15501
10216
12003
6129
15000
19422
19460
15754
7902
12336
26494
6852
17657
25455
8910
55755
16836
14415
7545
18807
19765
12894
17584
38442
11035
10879
2984
13475
4880
11553
6907
9289
3957
5110
2425
9432
11577
6016
3304
10266
19582
7429
9775
10916
5405
4774
7968
6495
5228
5822
10480
5734
2850
8959
2874
4233
2150
22467
12373
9393
12188
13855
2074
5568
7925
6796
5350
9009
5522
2607
12115
2601
5868
3585
6228
6992
2674
13990
7565
10385
4614
3633
9612
3536
8265
8228
4188
11418
2266
4301
4699
3952
3862
4845
20347
10060
11111
2899
11964
4762
27733
2583
7168
14119
13436
3453
13947
7297
8774
8432
4692
3070
3165
4157
7067
4417
3687
3595
13798
2526
3909
3874
5914
12359
4231
6223
8106
10868
6030
5645
5746
10281
7770
6581
4538
5752
5020
2317
11836
14175
9911
5406
2295
3366
10669
12985
5227
3821
10725
1618
2872
9449
5530
13577
5239
2366
18001
18201
2088
17224
12653
23837
1927
6470
19089
3522
4222
8205
14160
17083
7143
3075
5751
6224
2399
5037
10806
16889
6156
5111
13123
20363
9546
3557
16755
6814
7220
3033
5637
5601
2378
7058
4812
4546
18366
6587
15149
1771
6868
19950
6889
6198
5214
2505
4900
7991
3508
6616
10517
3640
3317
11409
2933
8376
13872
3159
6031
11352
18180
16998
10201
13952
7538
7459
16776
6643
10240
9826
4681
7370
2841
3942
4019
5612
10759
7611
7404
4316
2702
5939
12490
4990
9469
10566
7280
10533
6070
4365
6931
3627
2928
1256
2233
11783
3721
7475
15465
18226
11191
6978
5155
10319
17032
17020
3752
3854
21283
12929
1699
17582
5779
3274
4264
4164
1722
3508
11976
6661
6471
5369
3539
14729
5332
7266
2615
4581
2638
4138
2420
3364
4344
4396
7564
6010
4760
5508
4219
3233
1684
4010
3985
7748
6696
11041
3239
50151
10230
12971
3204
2975
7054
6238
7363
13739
3173
16072
10263
14938
14103
14153
2816
14584
9300
2504
5045
2075
17588
40007
13761
10204
11349
8851
7307
12537
18833
11125
5651
17104
8147
19593
18585
11782
13791
10778
12375
20020
17421
12458
23392
16915
20588
11437
14231
6857
18271
7534
11780
19081
4496
4369
26264
13882
15698
11513
15810
13982
15774
10604
13709
14494
15990
12121
15615
13632
18187
12257
13176
25654
11001
20227
28664
20950
11242
13439
6735
19158
9287
15283
21960
13594
11769
13322
13023
10991
13939
21305
17000
18331
11137
5744
22073
6737
13055
26116
7925
16064
7894
18267
19376
17423
14228
17076
4551
7032
10586
10197
20410
9032
17248
17077
8290
7146
10926
20022
22643
10879
17254
21325
4332
15133
25197
17902
5413
7752
5562
23854
18901
10276
13614
3652
5280
6944
26706
12069
20367
8491
4957
10911
5112
10246
11349
14772
7426
17219
2866
13873
25718
8419
19314
11486
6656
6893
10961
6720
13047
6122
19020
25710
2275
20066
9699
7745
16766
3947
19990
5633
16519
3813
5325
13854
11458
2914
8348
15861
4972
6411
3461
12056
16338
11034
13621
7342
18511
8510
6242
13137
2968
8821
5973
8369
21968
28457
19394
17163
9222
19362
7038
3752
11389
10257
3395
3702
8006
2957
12873
22660
8324
17072
14830
15706
10855
4602
6360
15952
13948
14417
14073
10248
17078
11019
17720
7463
13732
10039
10403
13863
11811
13997
6336
13626
16026
15409
10123
13695
14851
11162
14282
11127
10718
19589
11448
17327
10376
13666
17212
12485
9382
24055
8895
13205
11527
10225
8271
2609
8847
17027
10734
15764
18182
17895
16888
4663
8169
14301
17066
13638
5042
20056
13280
12841
3873
7952
23786
17652
6179
16749
5385
10660
4561
10720
19826
10383
22195
12444
10077
15786
17021
14171
4865
15519
17832
5255
15194
15334
9290
7002
11988
22607
28399
13053
15210
13209
7278
7904
7591
10986
7678
18548
14539
12693
18127
8976
13656
30342
16467
10322
37661
14087
14115
22359
9960
15053
7972
3901
13934
3733
3930
9027
12320
11229
17088
8067
7031
8782
19335
16008
8452
14390
12594
10508
11134
10306
16323
10512
8285
12482
12270
24419
10272
12398
16727
7602
6648
7438
8034
10673
21839
8287
16477
20779
8408
10853
13752
6896
16995
17985
15629
10345
12789
22411
8822
9829
13756
13657
27243
9548
12059
14267
48271
8573
12979
14786
11923
7779
19064
15059
6673
10363
13332
9658
9221
14099
13042
18419
5715
10213
10414
16597
18588
11847
10372
74431
18112
15401
12347
12051
12603
15899
11428
20022
16133
8008
16528
7895
12806
19759
13655
17010
16499
19840
18193
8664
13127
9121
37587
6802
8983
12485
22181
45562
6704
13311
3924
10298
15193
2020
18482
12718
2709
2913
6078
7172
13714
5297
12158
4443
15263
3548
5052
8962
12146
9573
1673
2247
2057
2823
8165
6233
2772
7884
9509
2901
4770
17674
13049
14451
4962
18292
4988
5340
5727
6147
3404
7536
12307
4498
4371
13653
2634
5000
6513
3882
15376
10457
6816
5867
9671
6497
14226
4650
5034
14663
10291
3990
6453
3654
11034
2506
10227
4970
4047
13630
3559
15435
3685
6870
14213
4631
11357
4190
5209
4758
15297
4929
14206
9033
3288
9158
6302
2460
11836
10927
13752
20018
17050
9467
3952
3350
4555
2242
2857
3961
3462
6705
5102
1212
6774
10270
5647
15165
10792
2785
6547
7054
9024
2972
8309
9814
2749
23055
4467
5162
10388
10480
4947
1727
26035
8667
3435
9117
3301
3391
3732
3129
4204
6040
10214
4749
3934
4680
6930
5210
7971
8107
4757
7002
3009
3848
8739
3292
19131
4937
7036
5884
8970
3817
5210
4535
5193
2994
6001
9303
5223
13781
4439
1440
1841
7402
10276
5172
17958
4429
10844
2470
3515
10541
3752
2348
6887
3033
10837
4098
2701
10244
5803
5880
8924
3329
14047
4687
5940
3854
6966
5139
2964
3054
4220
5919
11687
15026
1373
13838
10223
4719
18714
8688
3932
6569
7210
7290
8697
6137
6120
10331
5029
7839
6155
3406
2866
10737
9265
8031
6412
6904
7327
6181
2636
24269
5781
6729
16692
18169
4106
6464
10692
4982
17739
11798
4079
2283
10349
14007
14183
11850
8673
5798
14407
5836
6139
3913
12134
7502
2982
33587
5068
8305
7117
12845
5153
4768
14930
5427
4305
10319
4577
4376
4566
4110
9238
5708
16999
7598
4227
12267
17136
8631
19616
3456
6465
6490
3205
4814
5347
16166
8401
6236
6405
5425
6974
4898
18787
6321
7156
14216
4219
2788
4021
2968
12589
7173
7880
4595
13435
9977
17639
12685
3763
3444
6329
10372
6072
13043
10251
4561
7028
2360
8168
15859
19616
22000
13061
4664
7472
8256
2661
3399
6257
3154
6341
3288
4650
7953
9795
3732
3793
7398
10342
4953
1981
5264
2533
2123
3197
4486
7284
6021
5834
18852
4631
5934
1560
6545
6925
14171
19392
1766
15584
8199
2084
5594
5298
9269
4918
8589
17270
6673
3365
2187
11467
10310
3490
1789
3165
4075
8912
14391
7030
4129
2844
7101
4063
4709
4645
4420
7215
6406
4664
17230
5219
8016
10366
10866
10393
8998
11345
10410
15668
6213
8395
8808
3285
5537
3907
2959
18546
9576
3315
1866
10301
10918
17099
8007
9360
3826
14198
5213
17123
5292
13648
4931
6863
3601
4242
7777
9908
15707
6862
7679
2789
4603
7870
4397
4996
4610
3979
6055
11343
15011
10561
5293
14399
3622
8004
2235
4613
8603
3822
9031
4996
3583
5700
3224
17349
3534
4090
4135
11780
1777
3240
4577
5396
17352
3382
5800
5184
10246
4389
3487
6890
4659
2732
11715
10245
5183
7874
4066
15538
4075
4201
3996
3837
5636
6553
2592
6750
5040
8353
5570
6686
4948
2798
5739
10647
5805
1616
2110
10553
7008
6241
5597
10885
2847
5225
1980
7230
1868
4574
5689
3493
7125
4220
815
8419
4425
1996
2192
6029
18302
5828
5678
4076
3137
4102
1873
14294
11346
6906
15839
5761
9542
6291
18046
4658
11677
12040
2700
3238
10291
6457
2163
4733
6065
19126
8350
5533
3466
4689
3732
3371
13625
8626
10572
5659
5063
2553
9517
11771
7513
9840
9479
10874
11158
12514
14134
10881
15808
11107
17854
14396
6979
10315
11333
8016
11287
8672
13830
10215
11421
14829
13348
8183
12540
17439
20403
10933
13239
14027
7491
5269
17940
15077
17771
10321
7003
20252
17504
14920
10281
9503
3557
2703
4886
3891
3814
4105
16845
3901
4650
3000
5706
3738
4444
17085
5150
1925
7842
10581
8547
1809
14205
4959
11311
14605
3932
8160
6593
7729
2674
10777
13658
10862
19703
3571
805
4268
2295
5021
21105
18566
4365
18536
16612
4072
9759
5567
4539
4387
2668
2627
7127
7968
17532
15547
15086
7064
5994
16302
5238
5001
3874
7214
2270
31053
1689
11209
2096
8607
12251
6318
3120
2423
3024
4246
8208
2661
9585
1563
1752
12849
2829
2705
7011
4193
4420
10674
10777
4577
10671
5425
17885
9976
1969
6400
14568
6966
4754
8696
6419
6377
10868
6725
7462
7627
9027
4828
3906
3630
13746
6016
4459
4302
14146
20047
7284
7787
14553
3263
12181
4360
15471
18052
15528
5914
7545
6592
5657
3168
11771
4138
4430
2801
18726
19269
4840
6586
6708
2123
11286
5030
4353
2703
16246
3664
3200
8999
4812
2633
3916
2113
3851
1886
12042
2827
4295
3266
2134
7148
21748
18931
4063
4123
4290
4186
2707
4289
6681
8777
10725
4274
5891
8515
2114
1127
9301
19178
2178
3072
4595
3441
6817
2673
3884
6097
2539
8406
7794
12934
11052
10938
9584
5907
17810
3815
10844
5582
2032
1778
8589
15699
2936
10213
5287
15043
13104
3541
14107
10623
4472
3192
5395
19963
3479
4074
2523
4223
8333
19413
15453
2863
17404
4599
4123
3236
12828
2808
11325
6008
3879
18496
7325
6587
3358
12129
18272
4273
4464
2187
6165
10414
9935
10574
9606
2729
5226
2395
5450
10568
4818
8787
3699
14333
5723
13770
2084
1953
5568
8246
2831
1641
2543
1447
7627
5943
4281
10462
2793
2566
1780
2103
8407
4097
7208
73833
14350
9027
3622
3031
11259
5792
7440
3383
11366
14686
5714
10825
5894
12743
2726
5149
6605
12883
4809
8505
2646
2257
9330
1544
5428
14262
1927
5286
4429
9475
1251
12720
11031
10769
6889
1737
2334
12114
10044
3796
14982
4003
6424
5247
23899
4895
3433
23364
3897
11544
4403
5178
8755
8788
6960
2424
9590
8244
2635
3290
2526
6218
9370
20771
9558
2458
10613
3018
4353
2601
3475
6223
4675
6802
4253
2096
10450
14775
4041
1766
2148
1490
6409
22104
2203
9312
2890
4275
4267
2750
7371
2271
2353
7765
2376
4429
2988
11031
2436
5551
2065
8054
2896
1465
2679
9496
13672
10993
3211
1904
12995
2766
5308
18131
4633
11854
2910
2482
3535
4795
4142
4394
3726
7255
2062
7323
3693
12648
18469
3665
7018
4016
2367
2307
6576
2441
11556
7673
6887
2200
4677
13685
4865
5071
2591
6545
3247
5509
5459
8776
1807
1753
3107
2636
1607
8648
3007
2967
6404
4454
4922
2420
6552
9741
1528
2457
2459
1725
3917
7280
4683
2866
3064
14380
5313
2030
1530
8938
3088
6757
5167
7878
6011
3628
2797
2018
10712
4577
3233
5862
1677
2269
3970
1598
2954
4919
4371
7175
4061
3025
6618
6017
1944
8078
3441
2337
3630
11478
4177
3575
8329
2662
6185
5780
5229
1624
4742
2210
4068
5111
2470
1799
4907
7631
1542
3098
2749
5680
4791
1813
15938
1721
3177
4003
1960
2751
4671
2437
3927
1757
4243
9895
6812
7336
3511
5159
6011
2196
8047
2218
7817
3973
2130
4503
2757
10524
3857
1750
5421
2544
1852
10560
1875
1778
2710
3653
2155
10287
2546
10228
5520
2869
11880
2669
15373
8829
6053
2352
8244
2139
11210
1987
14378
2461
4726
2204
6906
2082
3201
5727
3317
1886
16371
1944
8440
21312
10902
7158
2814
5197
2281
2126
10067
4131
2970
5351
2724
2952
2855
4381
5787
5901
4395
3919
3522
2296
1487
2453
5121
1984
1974
5311
3036
3207
2152
4221
4221
2832
3485
2793
14429
4570
9170
22305
10255
6598
11804
5400
4862
14064
12131
10362
5365
11680
2927
14887
7686
18618
7645
6341
4017
5900
6493
17035
14396
4944
7967
15369
20967
5040
7254
10780
6277
10215
15670
5249
9951
3221
1095
15387
10355
7591
15280
14222
4767
18701
10972
5498
26390
25127
14987
4898
8494
8131
10933
3805
6287
5018
32150
2407
5260
11493
7696
10461
11269
11434
2229
14491
11994
14172
15011
6438
11592
11630
3021
5469
3475
4593
17529
9245
19475
7069
3746
6043
10690
2005
15693
30762
2726
31778
5427
1783
10754
5448
10950
3639
18963
8880
4075
2974
3601
17128
5267
4142
3538
17682
1899
2466
7399
18409
1365
9917
11302
3437
3767
3058
10235
4929
2925
6590
8088
2483
2012
2044
4505
8093
3424
3607
1017
20272
2433
3811
3785
18310
7513
3278
7506
3650
2451
8423
3503
3240
5509
9056
2561
3319
10539
1417
8267
13279
16734
3387
3654
11115
6057
6270
18395
5022
8939
4670
7548
7004
3523
2629
8164
2933
15762
3555
3297
2747
2050
2479
7892
3318
6980
11603
12058
4891
4967
5268
4948
2372
4262
2306
3568
4029
12438
5702
13703
2844
2888
4508
5429
5066
6298
8549
2663
6164
3000
2293
7108
19086
1259
7875
2378
6885
10659
2072
4414
11516
1763
7742
8000
10576
4114
2365
5005
6422
3842
7874
2254
2069
11911
8514
3468
8129
3953
14292
4040
3382
2339
3561
9119
10860
2950
10285
2766
11268
17112
3839
3244
10516
4556
18848
7563
5751
3142
4768
3680
6928
3170
2905
3991
10304
4430
11236
6117
10254
1692
4617
1991
6512
2821
3540
3016
6562
3435
4839
4399
2935
13821
3058
3661
12549
4742
5145
