24422
90354
78601
17030
18602
28741
52043
116587
31107
37941
33754
426558
22319
50672
76187
21824
22552
16864
12826
32385
5727
19782
16019
12969
6075
21438
8810
78444
15126
32311
335796
37993
35526
16016
18059
31876
25715
27361
29880
34452
25700
32631
23963
75909
23119
30666
22659
44116
22199
40735
86840
8200
10822
17964
37574
85144
1802525
47011
51847
30761
14780
102066
27121
25758
24487
37300
31426
52279
19077
61399
11906
284258
10951
8676
141054
53605
35017
25061
52714
33665
105030
24771
471744
20493
40499
26579
15767
23855
36907
99800
1392031
16324
51663
15246
113165
17960
52497
92865
25700
20460
120904
26727
63628
51899
173096
21138
11382
45530
28221
18295
28582
12262
34490
51318
31745
8181
17825
25051
30437
29060
35843
58023
51383
31382
97343
51258
14040
51375
47123
25028
27892
233462
28376
26605
108251
27442
24789
26745
69921
55459
34237
20159
14645
25106
62124
49254
28595
62963
27564
40052
7487
97788
153942
6029
12703
23930
25989
52166
33951
29265
10268
75505
46974
40068
37430
20184
17154
8163
59476
17198
23033
56132
294774
6145
23140
29827
91293
15196
25584
13149
51527
22890
12998
22995
79299
16952
56514
27466
16885
33651
97109
43345
59881
47902
56681
13480
40573
39805
397913
16825
101203
5158
5663
9873
6317
150520
31324
6742
3124
4123
5346
2066
4601
2565
30879
1566
7161
3805
2423
23212
76765
3534
3507
10215
2773
2219
12626
5746
3152
9000
3770
3762
4954
7342
44432
10335
4588
7180
49143
2366
6599
2128
1445
228297
22608
2097
11484
104013
11590
21852
31028
37894
25294
14959
42600
31568
28477
99960
14965
16626
83537
82692
54991
5996
39093
28456
33314
27042
22886
65226
20457
10698
23979
155202
73281
118072
46792
39167
61653
32594
18456
35738
25402
61903
26197
25147
11047
247553
62123
24891
20381
15437
46108
7799
10536
11415
11374
17633
21832
30930
31748
104881
39481
34246
31145
78147
19705
44719
17143
26280
20218
39582
39060
78182
69392
22644
29172
32365
11661
13821
14288
40717
26480
33630
17104
24913
162925
1011943
20156
17480
6090
5957
155396
18951
39257
33956
52711
49415
49452
31234
31654
16461
13654
38823
17141
4688
7503
6609
25786
9911
4346
9927
7163
45180
18338
25408
13274
9246
37765
57707
4483
2879
3771
8914
10677
4309
37095
2656
8008
4523
3863
28422
5209
7810
6222
32292
10337
7391
6499
145729
4546
37500
73417
27548
61840
17576
6841
6025
2058
19553
6608
5677
2113
18149
13645
814439
42657
20152
20325
15337
57542
16207
39233
72651
69167
25405
11529
22448
55373
19574
21528
14475
33326
49334
30873
45190
60163
26510
74486
26387
66124
324738
12617
18920
22018
72853
121462
22480
46047
19007
21786
2447409
52670
24091
4165
55154
23810
65453
96523
25586
40300
37874
22347
35838
48366
116065
37462
10405
26697
7649
17002
249936
56281
18085
209748
112926
35201
44217
28317
62086
14256
30977
27461
24012
21392
72249
11607
31638
30041
41942
8226
35412
15065
10276
19918
80605
71912
26423
69892
15453
29977
17181
42759
44186
43947
188271
29210
68901
51432
31792
54961
53245
12306
34777
25263
12931
8569
24187
62727
30900
67844
42668
202413
24550
12431
6952
13511
32203
17692
69538
28974
10442
20670
259886
803811
23818
35541
3521
5217
35759
22214
2974
3401
87700
39771
22159
8659
15866
3924
11402
31076
28482
19686
7676
18886
8007
21854
5611
99758
6197
5035
57926
58437
5749
385276
3899
28766
21418
4692
16257
31095
55340
24483
23195
723514
25911
7164
11730
42330
21173
6173
12910
4508
30844
100695
27034
3978
32117
41054
8314
22979
120333
30880
2851
19099
4395
26689
65807
9223
94428
35091
22680
33046
37414
22363
21925
18144
77363
69157
12765
40720
20236
72412
12005
58675
35178
45506
37828
37570
45192
51990
185123
30883
26577
144506
24536
74851
314951
37830
24298
17166
34305
63535
31636
2629
22171
29284
27915
129392
29675
75648
76669
26959
101987
80542
28120
22449
35398
23723
644699
30735
20653
22719
36606
55574
23907
14308
56767
30782
375559
22865
64335
59524
8188
51374
300611
62793
32485
294081
24033
24187
1536934
44445
22140
11242
56641
87538
39473
53232
35278
20489
18172
32620
31838
102956
79241
33723
40306
58444
26430
12704
20745
24923
9256
53823
35631
15006
24254
9142
30731
130540
14092
214067
44379
7573
25780
6599
50831
5523
52160
48090
12339
36625
23298
6986
12035
22581
4202
18253
26992
932608
28746
45994
24702
23780
15682
11057
70434
23809
60389
33312
23052
68512
44949
22689
30140
32416
54591
7170
32007
14604
41158
62401
25444
570937
16882
25012
25528
24693
30769
13500
4326
64464
5648
86981
38886
30428
16874
12947
94852
26903
32514
24579
160829
30877
27124
9351
13914
78876
38724
48039
15726
142160
21319
34340
25190
25500
11548
11569
51636
8590
13599
20069
49342
21190
34788
137428
14189
6453
21838
14833
18000
63508
22042
64550
18622
32035
22231
47524
15366
31468
242984
35160
28091
66638
32331
83077
27916
32923
15755
26529
21437
28378
64944
25419
51075
32304
20964
20408
62042
30123
23594
22431
31259
58584
32165
66373
11355
39883
33278
56312
100246
556756
22534
30329
15073
8344
78801
25735
24241
17301
22610
7960
18946
25422
13347
25724
184231
36290
44430
59352
27492
66404
61623
204710
24340
14932
7110
21094
63355
23106
20199
20760
10497
68314
32278
10207
36112
19911
26592
10905
79285
51019
151921
197984
6467
22206
8305
25651
163414
10368
42705
60179
47067
17384
24615
42815
19097
14640
40210
21541
26466
52360
35207
10548
36043
7310
28897
21466
27269
12530
24132
38537
15057
24943
20998
29475
27782
108419
32815
20119
9835
24497
44760
33064
15741
126770
27612
23857
24583
25555
39149
21941
33081
30651
37127
29869
13465
2676606
26198
33816
40316
24747
8781
26261
57811
90949
47901
27692
20305
33172
33289
42153
11201
41815
31646
37431
77285
118020
21988
18791
138491
21484
14850
17032
52391
24302
20697
25015
24106
88729
24579
13787
306374
22700
4049
24969
6173
34341
73722
38779
18490
37302
8003
11112
36041
109779
93683
36582
13729
7917
22709
28432
126325
19623
10012
2375444
23397
377547
3796
38509
46595
45626
5495
17244
17129
14935
31221
34013
10892
22729
26921
13823
40786
3154
21074
26491
12658
20701
19285
51509
11518
27623
5589
14592
34796
7089
8880
8185
22343
23341
32321
85322
20087
29752
20426
17428
69810
4839
21719
2792
4544
7781
25777
17914
12950
7089
5943
48550
6527
116527
22232
603048
9287
23901
10274
27551
103797
2983
5821
11301
5760
5007
14596
74184
6830
45884
213076
5760
25266
7125
14262
60153
22859
31113
7457
28564
3377
5137
3039
14121
10351
6603
65064
8173
4867
24918
53474
3659
263594
31266
49491
23265
12177
159026
34879
5863
11488
239177
9522
109551
45484
12371
90679
32177
22797
21001
13669
21377
9938
14950
85396
97159
34440
17119
22797
66803
65464
3950
5396
8010
24179
73451
45260
5554
22221
517872
45999
52526
19569
92171
51136
6890
17492
38684
19846
79635
21366
27115
11758
54179
13214
27856
32973
21037
30803
3840
13800
4700
45799
21246
361971
21203
100861
26672
20432
40816
25721
17540
81162
12823
15373
73719
30726
39469
35260
31580
70227
8015
84687
84252
20241
22571
106313
138836
82541
23843
3878
58696
20140
8236
53379
25339
31885
15961
152496
29083
57361
3966
37638
130586
25805
8323
15345
23818
6561
4686
296376
9095
2468
6078
5267
8715
11898
29075
14167
2116
126219
23880
39182
27850
203184
7239
3854
27258
4023
6552
37784
18157
25989
6938
46289
3512
53898
6487
6252
10405
9782
23909
31807
25362
84404
22334
25062
25619
6778
19801
41664
10285
65034
7093
6655
25798
10202
1790
10541
7540
20833
214071
2537
30894
3792
134733
81119
7002
3950
72796
28315
53825
24185
101466
296000
600285
77590
4424
13605
123120
35804
19721
104612
72244
37952
31086
30784
13960
7303
23894
81746
29086
40610
14199
11921
189878
348933
34826
111794
28477
11686
4515
31824
6399
23223
17028
27853
105227
22346
8964
11729
30988
27340
24718
10888
10825
141254
13600
34147
14249
25898
5672
18387
46020
21520
23789
23891
18123
17538
12255
34178
21815
31859
10417
109067
409324
23860
19141
20468
64999
414420
325453
169270
112028
27538
27770
94855
177861
469261
25398
35384
186222
54370
463545
19826
35373
21200
855046
51487
22858
218090
109163
22902
95876
28852
95391
206748
228150
36311
127519
168403
24647
26829
157483
487327
182016
795212
47074
41088
37575
26381
296044
22724
26309
16574
12831
137938
20244
119801
55586
17401
8545
105757
6323037
40569
41357
37553
999901
32767
459356
88013
8906
74221
78183
21360
30731
163805
77503
71894
34439
257996
33797
32168
7580
17261
5598
34532
15609
23506
210701
34522
65836
4289
55317
22211
5648
35043
25196
181618
27323
6123
2492
208725
118898
3693
44270
74818
95156
126614
82935
10220
3116
31603
35256
5236
112102
28503
240656
20461
56481
344039
75044
47572
7052
108722
28573
9282
48323
14532
127370
146663
2573
21580
15418
4055
41643
84844
30099
86623
5039
64113
28371
23378
1080999
74114
47824
12226
29911
4369
46178
17533
48573
100899
369908
11798
28312
18006
112843
39649
17373
25242
21085
58821
201023
31688
7591
77070
118797
21874
386039
7941
24768
43263
8143
14645
15796
240007
62846
15719
41919
15324
64707
5534
168290
3003
318785
154538
131603
43124
37412
17988
19864
8435
30600
25861
112091
35491
290607
1222357
11292
192225
10010
30724
53166
71228
23370
27960
8825
28844
28176
25071
201848
28301
17861
24015
87053
3228
152380
144416
87765
200874
68365
3884
40064
14546
321854
47939
101450
154200
44825
38699
71667
211308
17196
44331
47012
5350
108436
37725
23827
131068
32774
370251
28732
25246
8782
91804
61454
276010
71493
82553
37153
19885
2255
7663
43225
80920
13344
216684
24260
76799
417281
4640
20442
20595
27475
17064
53809
66303
387241
137286
86244
46310
46647
48971
29127
11775
16413
51278
36612
4163
49792
5678
39781
666469
30917
103026
21257
14603
42281
17384
18453
13002
6342
82150
41530
5780
2561
41549
58529
24959
7468
59793
52214
26411
147034
25139
364872
28489
22724
15727
24718
70138
12072
35314
106033
40245
48914
51407
260769
13544
41324
207625
37915
35688
8624
28773
54279
7419
113043
605114
3436
186299
29508
44084
19691
2862
15639
7059
105569
40141
180148
3998
29974
43929
29235
21644
50464
5418
108875
26420
23871
20498
673914
6304
20635
6516
2806
419757
765203
149571
221936
83661
46524
51910
408435
627544
13985
10404
38390
31452
11244369
31688
78873
12100
332424
38891
26362
110094
13006
15504
36695
586311
241437
262568
244719
5447
22410
24055
8015
53985
22294
107975
278724
21389
36827
40985
5935
63492
1978
78870
1599
8836
106968
22617
8801
39266
42946
107146
63685
17307
108872
84728
7753
6374
8270
103245
4306
20516
13662
10179
10298
5444
17308
2865
20615
2861
18891
7351
120884
104161
25856
3554
13424
119207
2453
16368
33028
24704
3913
11294
32182
12653
9737
2727
3939
15080
15883
4568
2768
6549
7911
11005
6568
3296
7877
5735
3209
2695
14551
4285
8069
23871
96735
7236
15393
4076
38756
4407
7125
112486
24836
87287
16662
12952
18512
14936
19171
13706
286172
67082
10208
11178
16948
11032
19673
69962
11067
17232
213027
22347
8279
3627
15892
16302
46925
7238
21737
4274
20419
4563
18043
3162
1746896
13924
5524
3510
5027
36198
7446
5829
6101
13920
1970
3922
4677
3472
16317
81687
4802
5932
8293
5050
4725
5921
11220
2540
7543
256081
78957
5414
13667
3337
29024
7504
6625
30669
6194
7900
3886
2218
14583
167463
7870
32088
5960
28725
6066
48200
8839
3992
2233
11276
28455
10943
2988
4299
14964
2578
56288
10602
4568
9027
6759
5977
10532
3585
12806
31812
7524
3008
39093
12256
32616
20283
6536
4910
8547
12325
1409
11859
9001
10735
7641
6613
4503
44936
6361
30783
4145
3972
5363
21211
4392
506645
7317
5156
4592
12973
13968
19784
32669
22235
3127
17041
13164
46799
5956
31972
8855
6854
10224
357117
6269
5691
13909
4983
4599
16077
29426
3822
8553
41830
5046
2327
1858
10474
12606
15718
3678
3834
1433
3480
11871
7425
26613
5110
8153
11239
13069
5506
3911
7625
10369
7389
2827
3380
5690
35941
42887
32125
14870
28692
11781
10256
140450
2791
81595
4823
72373
5430
6913
13622
5648
10208
6764
11214
117166
6210
2620
30233
23425
93279
32645
2814
4095
13668
311697
20919
14183
4515
3659
2531
4020
3434
5632
4775
10832
48793
4856
7044
19786
3804
30585
11749
5085
17088
4134
3955
2847
16348
14176
6810
25177
7327
10690
13522
14093
3334
13660
30662
31261
57870
9005
5586
6095
13672
3804
3646
8093
10436
23425
1818
13134
3926
11497
12437
3570
5249
10342
20834
42688
2732
2412
18905
5269
6352
11336
10607
5909
11523
13704
9085
5508
6047
6511
3831
263488
2098
41257
25755
6492
10164
2494
8629
5349
6736
82842
5007
18410
4568
5817
15637
18446
3394
12232
4664
14600
5834
10277
69878
15791
15256
16763
19332
14526
119353
11824
6258
8697
7997
13838
21562
100716
52753
2465
11472
19294
9967
8973
7879
3206
5734
3950
6509
6011
2653
17100
9328
4901
6109
5546
9410
2005
6378
5250
8627
3214
7455
9605
4193
24814
61339
7730
3500
2256
7419
3300
5552
108107
8423
2906
1878
22403
6004
10331
58238
309214
14312
4400
2132
8942
4468
29018
3457
2852
105495
70735
3380
62289
2753
11748
7486
32829
10603
52775
21689
4406
2773
3585
2764
183561
15171
68627
3787
10213
13852
14794
192236
1882
37774
8638
14801
3723
3604
2050
10658
1588
421203
22548
34555
2480
18144
14762
57958
13012
10636
18433
10498
35186
4908
21233
1945
3373
17342
58859
12356
11672
40200
5709
54794
2743
4752
8413
7220
9534
6427
20315
183388
45814
15430
22255
10608
17291
143206
27005
515250
4720
2197
156737
51554
6005
14366
11862
3365
4642
10248
10449
5599
1826
52920
3279
7479
14668
2838
7002
2513
4047
10231
8348
16126
60588
12179
13316
21395
16348
1763
137199
16021
17931
4080
6631
6692
4107
25140
6131
17074
16335
3147
4786
2659
27772
4895
3303
16118
33497
14812
7270
1724
14886
2284
2758
10251
2748
6147
6195
7094
10280
61196
4446
39849
4838
10914
7357
3961
4301
10402
15740
2382
8767
19830
74797
3008
10284
5019
42569
6035
26260
3438
7002
24812
210513
9273
21797
36295
4710
9016
15316
16922
3285
26626
17265
8674
1757
30973
36817
7165
3527
6877
6342
6554
97281
10702
20222
2808
6293
47204
5208
3601
44102
25697
2991
16729
7045
77673
4301
8027
1848
2908
195718
6355
1216
6073
12837
4868
6568
18783
7744
2730
13608
10229
7097
116792
10855
5742
6529
5355
3089
12568
2003
11133
107341
2114
2425
2778
11792
2328
11472
3702
20405
33700
83827
118294
4954
62759
6117
60081
3494
30176
6535
39238
53268
324025
42047
24294
3890
11613
59301
7313
25193
9323
435482
2417
10280
13289
9377
35363
3471
4044
5919
4944
12654
3550
7748
2826
14085
2826
62825
2141
12331
3190
27572
2157
3280
2550
38916
3401
34335
20514
24537
3080
2970
96105
3169
3272
15240
42589
80669
30628
2579
63641
6672
2567
3697
12359
27135
7014
2473
28848
30692
8452
16156
17085
6885
32300
255762
95230
22810
8115
4254
18350
6048
4710
19312
31663
78920
4098
17667
2267
5011
38166
2589
4171
2156
19877
4111
2507
27942
19579
1598
27529
71481
2487
7669
5515
2997
7074
6908
2527
36383
5134
3768
3869
4855
2670
59436
3185
6231
12130
2977
12076
8840
3184
18346
2445
6345
19058
22830
3347
22706
3855
239051
2277
3978
40941
10971
34335
6920
38068
51481
184869
327778
5182
2515
4471
12787
19831
2017
30881
1409939
2485
6161
2000
4147
23021
10222
15850
3616
197253
37602
4327
5743
19493
7206
39751
2595
6747
1655
5692
118287
261027
82513
68595
1717
31002
49082
76304
39679
13970
61662
2926
19258
20540
60508
22141
2635
2774
2720
4094
2200
25523
3290
214210
43114
34558
20105
5773
7421
6367
2873
21944
23798
3632
2168
2647
75020
130988
3011
4929
14243
6294
5850
3842
2452
14285
30065
19252
10452
16649
54656
26135
13716
9878
27265
6461
34646
41655
2314
10239
23855
23726
2912
23973
25811
1574
22286
8557
125507
61345
3253
11077
65964
23986
22815
239234
5285
1569
2759
12405
34739
23846
8494
8215
45623
19825
10938
23175
7986
19598
25763
13648
787204
20932
19654
103772
19689
32180
196068
19024
9928
10368
20879
22355
24363
19653
37407
25615
46355
16433
45599
40174
12355
77866
30647
18892
4922
22164
42076
14867
3512
17162
101722
5901
5516
20844
49233
10321
8100
8538
18581
31058
56423
5231
87912
27574
31612
5019
10985
8231
17799
30864
18157
3388
551350
20420
3125
13867
5123
4570
25666
32769
39260
5438
45545
25331
12132
31633
19280
41386
17602
52114
13021
2578
2199
5061
195550
3903
3757
10531
18080
113082
66506
84076
10390
4036
252709
21403
6868
15752
20283
5095
159505
23828
6864
5508
335032
455735
8375
3714
8701
24539
20729
7536
7346
70463
3322
3638
86597
9394
20686
55883
17391
10344
46568
2961
3733
11266
6318
100084
3275
10681
59545
1301892
34061
24745
32481
14002
17398
48212
24745
31274
35412
18481
7851
26085
92942
41888
88048
174546
2685
31149
52964
41457
13403
24189
42380
2826
3516
95013
5446
27689
23333
2676
24033
23065
28691
81612
42356
3347
31417
43243
3311
176502
36459
4690
63166
30050
22294
3761
17086
84399
7477
19096
2817
104506
36949
132947
7371
2562963
